0.0 0.0 184.9613494873047 70.05101776123047
1.0 0.0 228.4226837158203 71.45601654052734
2.0 0.0 271.5453796386719 73.0251235961914
3.0 0.0 314.43927001953125 74.36907958984375
4.0 0.0 357.4390869140625 75.53433990478516
5.0 0.0 400.2682800292969 76.66559600830078
6.0 0.0 442.9400634765625 77.78382873535156
0.0 1.0 184.4126434326172 113.46504211425781
1.0 1.0 227.59320068359375 114.67679595947266
2.0 1.0 270.5559387207031 116.16963195800781
3.0 1.0 313.42889404296875 117.24029541015625
4.0 1.0 356.2371520996094 118.52147674560547
5.0 1.0 398.82025146484375 119.50967407226562
6.0 1.0 441.5159912109375 120.6278305053711
0.0 2.0 183.78089904785156 156.47450256347656
1.0 2.0 226.81765747070312 157.58399963378906
2.0 2.0 269.6395568847656 158.82666015625
3.0 2.0 312.33599853515625 159.9132843017578
4.0 2.0 355.089111328125 160.9772186279297
5.0 2.0 397.6368408203125 162.13714599609375
6.0 2.0 440.35504150390625 163.0966033935547
0.0 3.0 183.09339904785156 199.2074432373047
1.0 3.0 226.1343994140625 200.28265380859375
2.0 3.0 268.8980407714844 201.24668884277344
3.0 3.0 311.4471435546875 202.28912353515625
4.0 3.0 353.8736267089844 203.26377868652344
5.0 3.0 396.5022888183594 204.35757446289062
6.0 3.0 439.0591125488281 205.2764892578125
0.0 4.0 182.33291625976562 241.61270141601562
1.0 4.0 225.2237548828125 242.54434204101562
2.0 4.0 267.82330322265625 243.5037841796875
3.0 4.0 310.4297180175781 244.47482299804688
4.0 4.0 352.828369140625 245.4419708251953
5.0 4.0 395.3975524902344 246.429443359375
6.0 4.0 437.61431884765625 247.33438110351562
0.0 0.0 184.92477416992188 70.23062133789062
1.0 0.0 228.35205078125 71.64181518554688
2.0 0.0 271.5637512207031 73.1209945678711
3.0 0.0 314.5375061035156 74.56786346435547
4.0 0.0 357.2327575683594 75.62821960449219
5.0 0.0 400.18896484375 77.1326904296875
6.0 0.0 442.9604797363281 77.96865844726562
0.0 1.0 184.4036407470703 114.00736236572266
1.0 1.0 227.9707794189453 114.79200744628906
2.0 1.0 270.713134765625 116.34173583984375
3.0 1.0 313.346923828125 117.354736328125
4.0 1.0 356.2620544433594 118.67822265625
5.0 1.0 398.9450378417969 119.59144592285156
6.0 1.0 441.5800476074219 120.96675872802734
0.0 2.0 183.5837860107422 156.5115509033203
1.0 2.0 226.9437255859375 157.57717895507812
2.0 2.0 269.9106140136719 158.97705078125
3.0 2.0 312.358642578125 160.19471740722656
4.0 2.0 355.3762512207031 161.10552978515625
5.0 2.0 397.49981689453125 161.8227996826172
6.0 2.0 440.30670166015625 163.20498657226562
0.0 3.0 183.15716552734375 199.09332275390625
1.0 3.0 226.30160522460938 200.06532287597656
2.0 3.0 268.999267578125 201.26217651367188
3.0 3.0 311.4009094238281 202.37258911132812
4.0 3.0 353.955810546875 203.4646453857422
5.0 3.0 396.6230163574219 204.36534118652344
6.0 3.0 438.8317565917969 205.1443634033203
0.0 4.0 182.59181213378906 241.580078125
1.0 4.0 225.1441650390625 242.6855010986328
2.0 4.0 267.9696960449219 243.5091094970703
3.0 4.0 310.20294189453125 244.2863006591797
4.0 4.0 352.8292236328125 245.39630126953125
5.0 4.0 395.25604248046875 246.3628692626953
6.0 4.0 437.5784606933594 247.168701171875
0.0 0.0 190.0 77.0
1.0 0.0 228.3917999267578 71.64207458496094
2.0 0.0 271.5052795410156 73.06832885742188
3.0 0.0 314.69744873046875 74.44247436523438
4.0 0.0 357.29302978515625 75.67227172851562
5.0 0.0 400.13250732421875 77.06914520263672
6.0 0.0 442.8030090332031 78.08092498779297
0.0 1.0 184.38671875 113.60948944091797
1.0 1.0 228.0298309326172 114.7204360961914
2.0 1.0 270.83428955078125 116.37213897705078
3.0 1.0 313.317138671875 117.3485336303711
4.0 1.0 356.37548828125 118.7856674194336
5.0 1.0 398.81317138671875 119.57971954345703
6.0 1.0 441.6273498535156 120.8290786743164
0.0 2.0 183.55638122558594 156.5828857421875
1.0 2.0 226.8733367919922 157.55177307128906
2.0 2.0 269.8360290527344 158.96759033203125
3.0 2.0 312.58154296875 160.1905517578125
4.0 2.0 355.20794677734375 161.0628662109375
5.0 2.0 397.43524169921875 161.8672637939453
6.0 2.0 440.29241943359375 163.18565368652344
0.0 3.0 183.14122009277344 199.11573791503906
1.0 3.0 226.1768798828125 200.25282287597656
2.0 3.0 269.020263671875 201.18075561523438
3.0 3.0 311.5102844238281 202.28994750976562
4.0 3.0 353.98291015625 203.23220825195312
5.0 3.0 396.6049499511719 204.28851318359375
6.0 3.0 438.9687805175781 205.24984741210938
0.0 4.0 182.71453857421875 241.53738403320312
1.0 4.0 225.33566284179688 242.65782165527344
2.0 4.0 262.0 236.0
3.0 4.0 318.0 239.0
4.0 4.0 352.9641418457031 245.46878051757812
5.0 4.0 395.0215759277344 246.30889892578125
6.0 4.0 437.5246276855469 247.2674102783203
0.0 0.0 184.85617065429688 70.14945983886719
1.0 0.0 228.42674255371094 71.70077514648438
2.0 0.0 271.5645751953125 73.04054260253906
3.0 0.0 314.5134582519531 74.42401885986328
4.0 0.0 357.2880859375 75.72399139404297
5.0 0.0 400.1806945800781 77.11175537109375
6.0 0.0 442.9615783691406 77.9998779296875
0.0 1.0 184.47442626953125 113.8030014038086
1.0 1.0 228.00299072265625 114.81664276123047
2.0 1.0 270.5793762207031 116.35028839111328
3.0 1.0 313.2976379394531 117.38655090332031
4.0 1.0 356.2625427246094 118.63959503173828
5.0 1.0 398.7899169921875 119.55906677246094
6.0 1.0 441.44976806640625 120.87691497802734
0.0 2.0 183.64154052734375 156.68910217285156
1.0 2.0 226.89276123046875 157.49703979492188
2.0 2.0 269.87115478515625 159.02088928222656
3.0 2.0 312.3667297363281 159.91253662109375
4.0 2.0 355.3245544433594 160.9837188720703
5.0 2.0 397.5996398925781 162.00579833984375
6.0 2.0 440.014892578125 163.15664672851562
0.0 3.0 182.9965362548828 199.06222534179688
1.0 3.0 226.290771484375 200.06243896484375
2.0 3.0 269.1031188964844 201.14788818359375
3.0 3.0 311.3769836425781 202.44805908203125
4.0 3.0 353.8880920410156 203.26026916503906
5.0 3.0 396.6478576660156 204.2659149169922
6.0 3.0 438.93609619140625 205.35475158691406
0.0 4.0 182.62545776367188 241.60202026367188
1.0 4.0 225.24838256835938 242.6703338623047
2.0 4.0 267.8061828613281 243.47933959960938
3.0 4.0 310.30987548828125 244.26541137695312
4.0 4.0 352.7392883300781 245.49293518066406
5.0 4.0 395.3514099121094 246.38510131835938
6.0 4.0 429.2895812988281 241.29586791992188
0.0 0.0 184.90916442871094 70.24784851074219
1.0 0.0 228.51339721679688 71.73865509033203
2.0 0.0 271.492431640625 73.1629638671875
3.0 0.0 314.6420593261719 74.39103698730469
4.0 0.0 357.3306884765625 75.70868682861328
5.0 0.0 400.2027282714844 77.16767883300781
6.0 0.0 443.0388488769531 77.97608184814453
0.0 1.0 184.4755401611328 113.82830047607422
1.0 1.0 228.17491149902344 114.68761444091797
2.0 1.0 270.58642578125 116.37230682373047
3.0 1.0 313.32098388671875 117.32579803466797
4.0 1.0 356.1723937988281 118.85753631591797
5.0 1.0 398.6746826171875 119.6339111328125
6.0 1.0 441.4274597167969 120.67901611328125
0.0 2.0 183.81898498535156 156.36566162109375
1.0 2.0 226.91244506835938 157.53802490234375
2.0 2.0 269.91522216796875 158.97430419921875
3.0 2.0 312.393310546875 160.0033721923828
4.0 2.0 355.2735900878906 161.0709228515625
5.0 2.0 397.4704284667969 161.95021057128906
6.0 2.0 440.3037109375 163.23863220214844
0.0 3.0 182.96170043945312 199.0455322265625
1.0 3.0 226.3252716064453 200.1682586669922
2.0 3.0 269.0003356933594 201.19664001464844
3.0 3.0 311.4042053222656 202.3971405029297
4.0 3.0 353.8598937988281 203.3874969482422
5.0 3.0 396.4546813964844 204.45947265625
6.0 3.0 438.7960205078125 205.48765563964844
0.0 4.0 182.56158447265625 241.59423828125
1.0 4.0 225.33209228515625 242.71514892578125
2.0 4.0 267.9360656738281 243.3831787109375
3.0 4.0 310.2698974609375 244.3030548095703
4.0 4.0 347.0 238.0
5.0 4.0 403.0 240.0
6.0 4.0 430.2699279785156 241.0275421142578
0.0 0.0 184.88021850585938 70.21177673339844
1.0 0.0 228.46768188476562 71.81611633300781
2.0 0.0 271.5172424316406 73.04975891113281
3.0 0.0 314.3796691894531 74.54500579833984
4.0 0.0 357.29150390625 75.7244873046875
5.0 0.0 400.19647216796875 77.13909149169922
6.0 0.0 442.97589111328125 78.05168914794922
0.0 1.0 184.56707763671875 113.66836547851562
1.0 1.0 228.0831298828125 114.84459686279297
2.0 1.0 270.7731018066406 116.4790267944336
3.0 1.0 313.4067687988281 117.42707061767578
4.0 1.0 356.2271728515625 118.5009765625
5.0 1.0 398.8160705566406 119.62841796875
6.0 1.0 441.4285583496094 120.82749938964844
0.0 2.0 183.6605224609375 156.55532836914062
1.0 2.0 226.89524841308594 157.52171325683594
2.0 2.0 269.9737243652344 158.98036193847656
3.0 2.0 312.3307189941406 159.93682861328125
4.0 2.0 355.14788818359375 161.0965576171875
5.0 2.0 397.3826904296875 161.91754150390625
6.0 2.0 440.20343017578125 163.1392059326172
0.0 3.0 183.20155334472656 199.2746124267578
1.0 3.0 226.24903869628906 200.11587524414062
2.0 3.0 268.98455810546875 201.24050903320312
3.0 3.0 311.3670654296875 202.38514709472656
4.0 3.0 353.8684387207031 203.35386657714844
5.0 3.0 396.4187927246094 204.4052276611328
6.0 3.0 438.9385070800781 205.31228637695312
0.0 4.0 182.51124572753906 241.65309143066406
1.0 4.0 225.3025360107422 242.8824920654297
2.0 4.0 267.8867492675781 243.3768310546875
3.0 4.0 310.3349609375 244.3328857421875
4.0 4.0 347.0 238.0
5.0 4.0 402.0 239.0
6.0 4.0 428.7591857910156 242.48020935058594
0.0 0.0 190.0 77.0
1.0 0.0 228.4393768310547 71.7365951538086
2.0 0.0 271.6220397949219 73.0970230102539
3.0 0.0 314.46240234375 74.30420684814453
4.0 0.0 357.2655029296875 75.79207611083984
5.0 0.0 400.09930419921875 77.05876922607422
6.0 0.0 442.92303466796875 78.15741729736328
0.0 1.0 184.46600341796875 113.55193328857422
1.0 1.0 227.9431610107422 114.67469024658203
2.0 1.0 270.8265075683594 116.45771026611328
3.0 1.0 313.3836669921875 117.35223388671875
4.0 1.0 356.08538818359375 118.4708251953125
5.0 1.0 398.6971740722656 119.370849609375
6.0 1.0 441.5141906738281 120.82504272460938
0.0 2.0 183.7301025390625 156.38381958007812
1.0 2.0 226.9338836669922 157.59889221191406
2.0 2.0 269.8549499511719 158.90928649902344
3.0 2.0 312.47845458984375 160.08653259277344
4.0 2.0 355.2138671875 160.99612426757812
5.0 2.0 397.4263610839844 162.01039123535156
6.0 2.0 440.1999816894531 163.15060424804688
0.0 3.0 183.1531219482422 199.2712860107422
1.0 3.0 226.04620361328125 200.30853271484375
2.0 3.0 268.9314270019531 201.09085083007812
3.0 3.0 311.28497314453125 202.38558959960938
4.0 3.0 353.9399108886719 203.46018981933594
5.0 3.0 396.4857177734375 204.3468475341797
6.0 3.0 438.99725341796875 205.475341796875
0.0 4.0 182.47146606445312 241.72470092773438
1.0 4.0 225.31912231445312 242.6124267578125
2.0 4.0 260.0147705078125 235.5091094970703
3.0 4.0 317.0 239.0
4.0 4.0 353.0890808105469 245.33872985839844
5.0 4.0 395.2609558105469 246.4350128173828
6.0 4.0 437.5548400878906 247.3689422607422
0.0 0.0 190.0 77.0
1.0 0.0 228.299072265625 71.73531341552734
2.0 0.0 271.5908508300781 73.00526428222656
3.0 0.0 314.5323486328125 74.61457061767578
4.0 0.0 357.2334289550781 75.74337768554688
5.0 0.0 400.0887756347656 77.01107788085938
6.0 0.0 443.0698547363281 77.92890930175781
0.0 1.0 184.52731323242188 113.6249771118164
1.0 1.0 228.0062255859375 114.7816390991211
2.0 1.0 270.7349548339844 116.37690734863281
3.0 1.0 313.4342041015625 117.4802017211914
4.0 1.0 356.263671875 118.63023376464844
5.0 1.0 398.7113342285156 119.42605590820312
6.0 1.0 441.6433410644531 120.70911407470703
0.0 2.0 183.7428436279297 156.43902587890625
1.0 2.0 226.90028381347656 157.74220275878906
2.0 2.0 269.8285827636719 159.04409790039062
3.0 2.0 312.3282165527344 159.7786407470703
4.0 2.0 355.226318359375 161.01365661621094
5.0 2.0 397.40234375 161.9749298095703
6.0 2.0 440.20684814453125 163.12850952148438
0.0 3.0 183.2486114501953 199.23507690429688
1.0 3.0 226.26820373535156 200.2613525390625
2.0 3.0 268.9354248046875 201.1277313232422
3.0 3.0 311.4897155761719 202.40443420410156
4.0 3.0 353.9681701660156 203.29620361328125
5.0 3.0 396.46356201171875 204.3669891357422
6.0 3.0 438.8562927246094 205.4757843017578
0.0 4.0 182.5022735595703 241.66552734375
1.0 4.0 225.26156616210938 242.69422912597656
2.0 4.0 267.9581604003906 243.40956115722656
3.0 4.0 310.2126770019531 244.3063201904297
4.0 4.0 352.921875 245.41981506347656
5.0 4.0 395.30267333984375 246.45774841308594
6.0 4.0 437.4706726074219 247.32388305664062
0.0 0.0 190.0 77.0
1.0 0.0 228.3858642578125 71.70210266113281
2.0 0.0 271.6271057128906 73.03824615478516
3.0 0.0 314.5266418457031 74.44562530517578
4.0 0.0 357.3374938964844 75.58370971679688
5.0 0.0 400.150634765625 77.02865600585938
6.0 0.0 442.9484558105469 78.02458953857422
0.0 1.0 184.4477996826172 113.56060028076172
1.0 1.0 227.87371826171875 114.77122497558594
2.0 1.0 270.6573486328125 116.34609985351562
3.0 1.0 313.3868408203125 117.23368835449219
4.0 1.0 356.32861328125 118.65660858154297
5.0 1.0 398.73992919921875 119.52734375
6.0 1.0 441.7718505859375 120.96026611328125
0.0 2.0 183.8339080810547 156.3428955078125
1.0 2.0 226.79917907714844 157.4327392578125
2.0 2.0 270.06378173828125 158.88726806640625
3.0 2.0 312.3116760253906 160.07125854492188
4.0 2.0 355.18597412109375 160.96726989746094
5.0 2.0 397.6142883300781 161.90806579589844
6.0 2.0 440.2208251953125 163.36598205566406
0.0 3.0 182.98733520507812 199.01039123535156
1.0 3.0 226.28440856933594 200.26889038085938
2.0 3.0 268.95458984375 201.0543670654297
3.0 3.0 311.2864074707031 202.44650268554688
4.0 3.0 353.9665832519531 203.42002868652344
5.0 3.0 396.39422607421875 204.350830078125
6.0 3.0 439.092041015625 205.60330200195312
0.0 4.0 182.4063262939453 241.63546752929688
1.0 4.0 225.3252410888672 242.81617736816406
2.0 4.0 267.767333984375 243.38858032226562
3.0 4.0 310.2432861328125 244.31658935546875
4.0 4.0 352.8804016113281 245.4493408203125
5.0 4.0 395.2073669433594 246.42213439941406
6.0 4.0 437.5883483886719 247.23414611816406
0.0 0.0 190.0 77.0
1.0 0.0 228.42813110351562 71.66726684570312
2.0 0.0 271.4515380859375 72.98377227783203
3.0 0.0 314.6358337402344 74.34095764160156
4.0 0.0 357.30963134765625 75.69528198242188
5.0 0.0 400.20703125 76.8896484375
6.0 0.0 442.8164978027344 77.93685913085938
0.0 1.0 184.51742553710938 113.60855102539062
1.0 1.0 228.02499389648438 114.79312896728516
2.0 1.0 270.5083312988281 116.36184692382812
3.0 1.0 313.2550964355469 117.33634948730469
4.0 1.0 356.1920166015625 118.67249298095703
5.0 1.0 398.6545104980469 119.59080505371094
6.0 1.0 441.3438415527344 120.76139068603516
0.0 2.0 183.59225463867188 156.46104431152344
1.0 2.0 226.7169647216797 157.47715759277344
2.0 2.0 269.87396240234375 159.01951599121094
3.0 2.0 312.204345703125 159.9928741455078
4.0 2.0 355.2936096191406 161.0146484375
5.0 2.0 397.4707336425781 161.95846557617188
6.0 2.0 440.18365478515625 163.08274841308594
0.0 3.0 183.05572509765625 198.9940643310547
1.0 3.0 226.02427673339844 200.27349853515625
2.0 3.0 268.86920166015625 201.14662170410156
3.0 3.0 311.1925048828125 202.32882690429688
4.0 3.0 353.9312438964844 203.27821350097656
5.0 3.0 396.4245300292969 204.5369110107422
6.0 3.0 439.05499267578125 205.37203979492188
0.0 4.0 182.5081787109375 241.64599609375
1.0 4.0 225.2575225830078 242.64456176757812
2.0 4.0 268.0451965332031 243.083740234375
3.0 4.0 310.2098388671875 244.34573364257812
4.0 4.0 352.7333068847656 245.20004272460938
5.0 4.0 395.2424621582031 246.5779266357422
6.0 4.0 437.6181640625 247.211181640625
0.0 0.0 190.0 77.0
1.0 0.0 228.4373321533203 71.69364166259766
2.0 0.0 271.59942626953125 73.00546264648438
3.0 0.0 314.6339111328125 74.4688491821289
4.0 0.0 357.31689453125 75.65473175048828
5.0 0.0 400.1990051269531 77.04476165771484
6.0 0.0 442.9390563964844 77.93487548828125
0.0 1.0 184.47366333007812 113.61241149902344
1.0 1.0 227.9741973876953 114.7837905883789
2.0 1.0 270.69708251953125 116.34357452392578
3.0 1.0 313.5292053222656 117.38908386230469
4.0 1.0 356.4224548339844 118.76238250732422
5.0 1.0 398.7724914550781 119.60374450683594
6.0 1.0 441.77325439453125 120.63251495361328
0.0 2.0 183.91197204589844 156.48060607910156
1.0 2.0 226.85751342773438 157.6266326904297
2.0 2.0 269.9342346191406 159.0332794189453
3.0 2.0 312.3613586425781 160.04690551757812
4.0 2.0 355.2152404785156 161.07321166992188
5.0 2.0 397.60400390625 162.16287231445312
6.0 2.0 440.1907043457031 163.3035430908203
0.0 3.0 183.07974243164062 199.03372192382812
1.0 3.0 226.18797302246094 200.39105224609375
2.0 3.0 268.938232421875 201.2120819091797
3.0 3.0 311.3958740234375 202.27947998046875
4.0 3.0 353.88348388671875 203.251708984375
5.0 3.0 396.4103698730469 204.44046020507812
6.0 3.0 438.9710693359375 205.43359375
0.0 4.0 182.4161834716797 241.7250213623047
1.0 4.0 225.3727264404297 242.70204162597656
2.0 4.0 268.0920715332031 243.44100952148438
3.0 4.0 310.42449951171875 244.4013214111328
4.0 4.0 352.9037780761719 245.22996520996094
5.0 4.0 395.2739562988281 246.43106079101562
6.0 4.0 430.5923767089844 238.72955322265625
0.0 0.0 184.99581909179688 70.11177825927734
1.0 0.0 228.46229553222656 71.67892456054688
2.0 0.0 271.4525451660156 73.11417388916016
3.0 0.0 314.6127624511719 74.36776733398438
4.0 0.0 357.3729553222656 75.70921325683594
5.0 0.0 400.22296142578125 76.99713897705078
6.0 0.0 443.01416015625 77.94962310791016
0.0 1.0 184.52476501464844 113.66458129882812
1.0 1.0 227.7596435546875 114.8879165649414
2.0 1.0 270.7716979980469 116.37947845458984
3.0 1.0 313.3705749511719 117.32080078125
4.0 1.0 356.2726745605469 118.90288543701172
5.0 1.0 398.7809143066406 119.54056549072266
6.0 1.0 441.36236572265625 120.87310791015625
0.0 2.0 183.72239685058594 156.58277893066406
1.0 2.0 226.8836669921875 157.57757568359375
2.0 2.0 269.9166564941406 158.91001892089844
3.0 2.0 312.31927490234375 159.91188049316406
4.0 2.0 355.11376953125 161.28646850585938
5.0 2.0 397.4900207519531 161.7702178955078
6.0 2.0 440.1871643066406 163.2122039794922
0.0 3.0 182.98919677734375 199.05056762695312
1.0 3.0 226.2212371826172 200.2808074951172
2.0 3.0 269.0295715332031 201.18247985839844
3.0 3.0 311.3612976074219 202.14088439941406
4.0 3.0 354.03997802734375 203.44662475585938
5.0 3.0 396.5257568359375 204.22410583496094
6.0 3.0 438.8957824707031 205.29100036621094
0.0 4.0 182.51959228515625 241.43080139160156
1.0 4.0 225.3529815673828 242.78517150878906
2.0 4.0 268.0677185058594 243.3094024658203
3.0 4.0 310.3180236816406 244.36004638671875
4.0 4.0 347.0 238.0
5.0 4.0 402.0 239.0
6.0 4.0 430.0 241.0
0.0 0.0 185.0044403076172 70.32935333251953
1.0 0.0 228.48423767089844 71.73340606689453
2.0 0.0 271.613525390625 73.16226196289062
3.0 0.0 314.7268371582031 74.31583404541016
4.0 0.0 357.3273620605469 75.88369750976562
5.0 0.0 400.2621765136719 77.11772918701172
6.0 0.0 443.0172119140625 77.74826049804688
0.0 1.0 184.4295654296875 113.65843200683594
1.0 1.0 228.04600524902344 114.71942138671875
2.0 1.0 270.7972412109375 116.39695739746094
3.0 1.0 313.3816833496094 117.54791259765625
4.0 1.0 356.2059020996094 118.45191192626953
5.0 1.0 398.7438049316406 119.63878631591797
6.0 1.0 441.45562744140625 120.8145980834961
0.0 2.0 183.7343292236328 156.52911376953125
1.0 2.0 226.73915100097656 157.4716339111328
2.0 2.0 269.8734130859375 158.9568634033203
3.0 2.0 312.38720703125 160.0947265625
4.0 2.0 355.2108459472656 161.0162811279297
5.0 2.0 397.390380859375 161.9652557373047
6.0 2.0 440.29632568359375 163.0296630859375
0.0 3.0 183.1660919189453 199.1656494140625
1.0 3.0 226.23947143554688 200.23851013183594
2.0 3.0 268.99267578125 201.17372131347656
3.0 3.0 311.44525146484375 202.32955932617188
4.0 3.0 354.0089416503906 203.503173828125
5.0 3.0 396.4751281738281 204.36178588867188
6.0 3.0 438.8478088378906 205.448974609375
0.0 4.0 182.6685791015625 241.5189666748047
1.0 4.0 225.28529357910156 242.70547485351562
2.0 4.0 267.9226379394531 243.5059051513672
3.0 4.0 310.289794921875 244.23646545410156
4.0 4.0 353.0048522949219 245.41461181640625
5.0 4.0 395.30743408203125 246.4139862060547
6.0 4.0 431.0 240.0
0.0 0.0 184.85830688476562 70.23588562011719
1.0 0.0 228.43356323242188 71.80131530761719
2.0 0.0 271.47235107421875 73.03402709960938
3.0 0.0 314.5174560546875 74.4764404296875
4.0 0.0 357.2723388671875 75.62969970703125
5.0 0.0 400.04425048828125 77.04662322998047
6.0 0.0 442.8663024902344 77.94578552246094
0.0 1.0 184.43568420410156 113.5152587890625
1.0 1.0 228.10682678222656 114.7342300415039
2.0 1.0 270.8091735839844 116.40418243408203
3.0 1.0 313.3855895996094 117.3374252319336
4.0 1.0 356.43353271484375 118.6702651977539
5.0 1.0 398.7756652832031 119.77223205566406
6.0 1.0 441.5389099121094 120.65612030029297
0.0 2.0 183.74798583984375 156.49925231933594
1.0 2.0 226.8239288330078 157.5464324951172
2.0 2.0 269.9507751464844 159.02870178222656
3.0 2.0 312.20855712890625 159.93594360351562
4.0 2.0 355.3352966308594 161.11294555664062
5.0 2.0 397.3119201660156 161.93966674804688
6.0 2.0 440.14935302734375 163.13670349121094
0.0 3.0 183.16378784179688 199.08924865722656
1.0 3.0 226.36203002929688 200.04722595214844
2.0 3.0 269.1584777832031 201.1800994873047
3.0 3.0 311.3907775878906 202.49935913085938
4.0 3.0 353.9703063964844 203.34974670410156
5.0 3.0 396.4730529785156 204.4264678955078
6.0 3.0 439.02874755859375 205.282470703125
0.0 4.0 182.67811584472656 241.4708709716797
1.0 4.0 225.32896423339844 242.5749053955078
2.0 4.0 267.8429260253906 243.5643310546875
3.0 4.0 310.3439636230469 244.35049438476562
4.0 4.0 347.0 238.0
5.0 4.0 403.45184326171875 239.85276794433594
6.0 4.0 429.6686096191406 238.36209106445312
0.0 0.0 190.0 77.0
1.0 0.0 228.52175903320312 71.85424041748047
2.0 0.0 271.5419006347656 73.05284118652344
3.0 0.0 314.7634582519531 74.59471130371094
4.0 0.0 357.28839111328125 75.853515625
5.0 0.0 400.0785217285156 76.84417724609375
6.0 0.0 443.0719909667969 77.67611694335938
0.0 1.0 184.52821350097656 113.71279907226562
1.0 1.0 228.01223754882812 114.75373077392578
2.0 1.0 270.7000732421875 116.35755920410156
3.0 1.0 313.3714294433594 117.36187744140625
4.0 1.0 356.1916809082031 118.57356262207031
5.0 1.0 398.681884765625 119.55303955078125
6.0 1.0 441.3929443359375 120.7232437133789
0.0 2.0 183.7322540283203 156.46337890625
1.0 2.0 226.74490356445312 157.5160675048828
2.0 2.0 269.85888671875 159.12887573242188
3.0 2.0 312.38616943359375 160.02073669433594
4.0 2.0 355.2071838378906 160.96168518066406
5.0 2.0 397.5505065917969 161.9229278564453
6.0 2.0 440.117919921875 163.13265991210938
0.0 3.0 183.12339782714844 199.16790771484375
1.0 3.0 226.35157775878906 200.2141876220703
2.0 3.0 269.0643005371094 201.2125701904297
3.0 3.0 311.458984375 202.3629608154297
4.0 3.0 353.9429626464844 203.267578125
5.0 3.0 396.5401306152344 204.310302734375
6.0 3.0 438.86773681640625 205.36056518554688
0.0 4.0 182.5642852783203 241.61024475097656
1.0 4.0 225.22238159179688 242.69874572753906
2.0 4.0 268.0899963378906 243.56524658203125
3.0 4.0 310.32745361328125 244.45236206054688
4.0 4.0 347.0 238.0
5.0 4.0 402.0 239.0
6.0 4.0 437.5562438964844 247.40499877929688
0.0 0.0 190.0 77.0
1.0 0.0 228.51771545410156 71.68460083007812
2.0 0.0 271.62225341796875 73.06375885009766
3.0 0.0 314.5284423828125 74.51399230957031
4.0 0.0 357.2784729003906 75.67523956298828
5.0 0.0 400.0067138671875 77.05426788330078
6.0 0.0 442.9737854003906 78.15023040771484
0.0 1.0 184.51365661621094 113.59310913085938
1.0 1.0 227.8990478515625 114.73662567138672
2.0 1.0 270.8131103515625 116.41154479980469
3.0 1.0 313.2949523925781 117.46519470214844
4.0 1.0 356.3271484375 118.67375183105469
5.0 1.0 398.7764587402344 119.51180267333984
6.0 1.0 441.48150634765625 120.79500579833984
0.0 2.0 183.82440185546875 156.43313598632812
1.0 2.0 226.91986083984375 157.52841186523438
2.0 2.0 269.9449768066406 159.0368194580078
3.0 2.0 312.4239196777344 160.07913208007812
4.0 2.0 355.0621032714844 161.20556640625
5.0 2.0 397.4192810058594 161.84506225585938
6.0 2.0 440.0282287597656 163.2090301513672
0.0 3.0 183.1915740966797 199.24009704589844
1.0 3.0 226.03123474121094 200.4197998046875
2.0 3.0 269.0582580566406 201.14889526367188
3.0 3.0 311.4130859375 202.32899475097656
4.0 3.0 353.9966125488281 203.20059204101562
5.0 3.0 396.4654541015625 204.43508911132812
6.0 3.0 438.8173522949219 205.51358032226562
0.0 4.0 182.60467529296875 241.57894897460938
1.0 4.0 225.31268310546875 242.78961181640625
2.0 4.0 268.0115966796875 243.253662109375
3.0 4.0 310.3350524902344 244.2937469482422
4.0 4.0 353.0291442871094 245.36764526367188
5.0 4.0 395.29205322265625 246.39984130859375
6.0 4.0 437.6267395019531 247.33607482910156
0.0 0.0 184.9788360595703 70.1021957397461
1.0 0.0 228.42916870117188 71.7802505493164
2.0 0.0 271.5953674316406 73.20049285888672
3.0 0.0 314.5899353027344 74.4637222290039
4.0 0.0 357.277587890625 75.69918823242188
5.0 0.0 400.2838134765625 77.11820983886719
6.0 0.0 443.0293884277344 77.76362609863281
0.0 1.0 184.4957733154297 113.70233917236328
1.0 1.0 228.10142517089844 114.724365234375
2.0 1.0 270.7068786621094 116.34732818603516
3.0 1.0 313.3232727050781 117.41909790039062
4.0 1.0 356.3726806640625 118.66349792480469
5.0 1.0 398.82830810546875 119.57833099365234
6.0 1.0 441.5157775878906 120.89232635498047
0.0 2.0 183.73817443847656 156.5348663330078
1.0 2.0 226.89151000976562 157.646240234375
2.0 2.0 269.9353942871094 159.02281188964844
3.0 2.0 312.4027404785156 160.0166473388672
4.0 2.0 355.2213439941406 161.10333251953125
5.0 2.0 397.3747253417969 162.1084442138672
6.0 2.0 440.25482177734375 163.04937744140625
0.0 3.0 183.05331420898438 199.05445861816406
1.0 3.0 226.31163024902344 200.06414794921875
2.0 3.0 269.1327819824219 201.24111938476562
3.0 3.0 311.4148864746094 202.27781677246094
4.0 3.0 353.92816162109375 203.2938995361328
5.0 3.0 396.5151062011719 204.3821258544922
6.0 3.0 438.8632507324219 205.20858764648438
0.0 4.0 182.68075561523438 241.5363006591797
1.0 4.0 225.36756896972656 242.68731689453125
2.0 4.0 267.9665832519531 243.43267822265625
3.0 4.0 310.31768798828125 244.3693389892578
4.0 4.0 347.0 238.0
5.0 4.0 402.0 239.0
6.0 4.0 437.3911437988281 247.2368927001953
0.0 0.0 190.0 77.0
1.0 0.0 228.23788452148438 71.62550354003906
2.0 0.0 271.3705749511719 73.0597152709961
3.0 0.0 314.6703186035156 74.45755004882812
4.0 0.0 357.3092346191406 75.67683410644531
5.0 0.0 400.057861328125 77.013427734375
6.0 0.0 443.0059814453125 78.04512786865234
0.0 1.0 184.51087951660156 113.78514099121094
1.0 1.0 228.10708618164062 114.77901458740234
2.0 1.0 270.79241943359375 116.30227661132812
3.0 1.0 313.2979736328125 117.35692596435547
4.0 1.0 356.3034362792969 118.74834442138672
5.0 1.0 398.8040466308594 119.61644744873047
6.0 1.0 441.3648681640625 120.75371551513672
0.0 2.0 183.659912109375 156.44509887695312
1.0 2.0 226.83384704589844 157.61578369140625
2.0 2.0 269.8179626464844 159.06698608398438
3.0 2.0 312.20928955078125 159.96726989746094
4.0 2.0 355.1906433105469 160.96604919433594
5.0 2.0 397.3981628417969 161.88787841796875
6.0 2.0 440.08917236328125 163.2440643310547
0.0 3.0 183.13241577148438 199.20089721679688
1.0 3.0 226.296630859375 200.07931518554688
2.0 3.0 269.0728759765625 201.12901306152344
3.0 3.0 311.4831848144531 202.52328491210938
4.0 3.0 353.8800354003906 203.2297821044922
5.0 3.0 396.71478271484375 204.2652587890625
6.0 3.0 438.691162109375 205.50433349609375
0.0 4.0 182.69927978515625 241.6194610595703
1.0 4.0 225.24798583984375 242.72799682617188
2.0 4.0 268.0012512207031 243.2711639404297
3.0 4.0 310.3502502441406 244.44171142578125
4.0 4.0 353.05950927734375 245.3043975830078
5.0 4.0 395.2823791503906 246.3720245361328
6.0 4.0 437.43402099609375 247.34054565429688
0.0 0.0 190.0 77.0
1.0 0.0 228.51980590820312 71.7908935546875
2.0 0.0 271.5745849609375 73.06342315673828
3.0 0.0 314.4264221191406 74.2806396484375
4.0 0.0 357.37353515625 75.70194244384766
5.0 0.0 400.1266784667969 77.10665130615234
6.0 0.0 442.8615417480469 78.05432891845703
0.0 1.0 184.39144897460938 113.5552749633789
1.0 1.0 228.01812744140625 114.86055755615234
2.0 1.0 270.61846923828125 116.36234283447266
3.0 1.0 313.49383544921875 117.33363342285156
4.0 1.0 356.19403076171875 118.55364227294922
5.0 1.0 398.67193603515625 119.69781494140625
6.0 1.0 441.53521728515625 120.6656723022461
0.0 2.0 183.75173950195312 156.44227600097656
1.0 2.0 226.75912475585938 157.6129913330078
2.0 2.0 269.900634765625 159.0086212158203
3.0 2.0 312.3576354980469 159.8837432861328
4.0 2.0 355.2739562988281 161.07398986816406
5.0 2.0 397.4247741699219 162.033447265625
6.0 2.0 440.0964660644531 163.27389526367188
0.0 3.0 183.07789611816406 199.1571502685547
1.0 3.0 226.3282470703125 200.2646942138672
2.0 3.0 268.9241027832031 201.1856689453125
3.0 3.0 311.4364318847656 202.38238525390625
4.0 3.0 353.88201904296875 203.29595947265625
5.0 3.0 396.45098876953125 204.3301544189453
6.0 3.0 438.8744812011719 205.23204040527344
0.0 4.0 182.63461303710938 241.5645294189453
1.0 4.0 225.3697509765625 242.6525421142578
2.0 4.0 267.8227844238281 243.35496520996094
3.0 4.0 310.3839111328125 244.30838012695312
4.0 4.0 353.0077209472656 245.4831085205078
5.0 4.0 395.27716064453125 246.42794799804688
6.0 4.0 437.6081237792969 247.18211364746094
0.0 0.0 190.0 77.0
1.0 0.0 228.43496704101562 71.72697448730469
2.0 0.0 271.4467468261719 73.01959228515625
3.0 0.0 314.614501953125 74.42835998535156
4.0 0.0 357.3341979980469 75.6425552368164
5.0 0.0 400.1111145019531 77.02647399902344
6.0 0.0 443.1407165527344 77.86522674560547
0.0 1.0 184.54071044921875 113.5460433959961
1.0 1.0 228.01678466796875 114.73833465576172
2.0 1.0 270.72857666015625 116.43240356445312
3.0 1.0 313.2928466796875 117.38922882080078
4.0 1.0 356.2247314453125 118.72783660888672
5.0 1.0 398.86572265625 119.48970031738281
6.0 1.0 441.50726318359375 120.78243255615234
0.0 2.0 183.7310791015625 156.340576171875
1.0 2.0 227.05299377441406 157.5044403076172
2.0 2.0 269.8454895019531 159.00625610351562
3.0 2.0 312.3921203613281 159.88302612304688
4.0 2.0 355.12982177734375 160.90794372558594
5.0 2.0 397.2746276855469 161.90969848632812
6.0 2.0 440.2333679199219 163.26171875
0.0 3.0 182.98251342773438 199.03799438476562
1.0 3.0 226.13624572753906 200.27894592285156
2.0 3.0 268.884521484375 201.14950561523438
3.0 3.0 311.30389404296875 202.32518005371094
4.0 3.0 353.8747253417969 203.37660217285156
5.0 3.0 396.60467529296875 204.2661590576172
6.0 3.0 439.0088806152344 205.40151977539062
0.0 4.0 182.57901000976562 241.5884552001953
1.0 4.0 225.40029907226562 242.64137268066406
2.0 4.0 267.9157409667969 243.4160919189453
3.0 4.0 310.3365783691406 244.21771240234375
4.0 4.0 353.0723571777344 245.4393310546875
5.0 4.0 395.1922912597656 246.29678344726562
6.0 4.0 437.42333984375 247.28692626953125
0.0 0.0 190.0 77.0
1.0 0.0 228.48924255371094 71.7978286743164
2.0 0.0 271.52587890625 73.16046142578125
3.0 0.0 314.5643005371094 74.36920928955078
4.0 0.0 357.3619079589844 75.74699401855469
5.0 0.0 400.1854553222656 76.84491729736328
6.0 0.0 443.04119873046875 77.8735122680664
0.0 1.0 184.4293212890625 113.72481536865234
1.0 1.0 227.74815368652344 114.98182678222656
2.0 1.0 270.7300720214844 116.40789031982422
3.0 1.0 313.4038391113281 117.39306640625
4.0 1.0 356.2625732421875 118.74240112304688
5.0 1.0 398.8776550292969 119.64642333984375
6.0 1.0 441.46343994140625 120.86833953857422
0.0 2.0 183.72874450683594 156.6640167236328
1.0 2.0 226.94020080566406 157.5063018798828
2.0 2.0 269.9025573730469 159.0050048828125
3.0 2.0 312.326904296875 160.02169799804688
4.0 2.0 355.30047607421875 160.76708984375
5.0 2.0 397.27813720703125 161.96800231933594
6.0 2.0 440.2005615234375 163.21839904785156
0.0 3.0 183.04757690429688 199.03379821777344
1.0 3.0 226.30831909179688 200.1378936767578
2.0 3.0 269.0561218261719 201.2187042236328
3.0 3.0 311.4156799316406 202.20419311523438
4.0 3.0 354.0145568847656 203.33116149902344
5.0 3.0 396.61883544921875 204.3101806640625
6.0 3.0 438.74737548828125 205.32286071777344
0.0 4.0 182.52452087402344 241.57464599609375
1.0 4.0 225.28411865234375 242.83901977539062
2.0 4.0 267.9313049316406 243.56048583984375
3.0 4.0 310.30975341796875 244.44265747070312
4.0 4.0 353.0137634277344 245.4369354248047
5.0 4.0 395.3546447753906 246.30850219726562
6.0 4.0 437.4577941894531 247.18836975097656
0.0 0.0 190.0 77.0
1.0 0.0 228.4445037841797 71.82112884521484
2.0 0.0 271.7140808105469 73.05032348632812
3.0 0.0 314.6398620605469 74.32302856445312
4.0 0.0 357.423583984375 75.75133514404297
5.0 0.0 400.1939697265625 77.04315948486328
6.0 0.0 442.8747863769531 77.86942291259766
0.0 1.0 184.47596740722656 113.61589050292969
1.0 1.0 227.9339141845703 114.7794418334961
2.0 1.0 270.6332092285156 116.29981231689453
3.0 1.0 313.3348388671875 117.4870376586914
4.0 1.0 356.1932373046875 118.7120132446289
5.0 1.0 398.6773986816406 119.6846694946289
6.0 1.0 441.7384033203125 120.94065856933594
0.0 2.0 183.88670349121094 156.3756103515625
1.0 2.0 226.9405975341797 157.58599853515625
2.0 2.0 269.8567810058594 159.03187561035156
3.0 2.0 312.2826843261719 159.8990020751953
4.0 2.0 355.217041015625 160.9840545654297
5.0 2.0 397.4190979003906 161.82296752929688
6.0 2.0 440.168212890625 163.1281280517578
0.0 3.0 183.20729064941406 199.10687255859375
1.0 3.0 226.28221130371094 200.30848693847656
2.0 3.0 269.0296630859375 201.1664581298828
3.0 3.0 311.28692626953125 202.2943878173828
4.0 3.0 353.8378601074219 203.3214874267578
5.0 3.0 396.54083251953125 204.2587432861328
6.0 3.0 438.9505615234375 205.17828369140625
0.0 4.0 182.61912536621094 241.64874267578125
1.0 4.0 225.2387237548828 242.78501892089844
2.0 4.0 262.0 237.0
3.0 4.0 317.0 239.0
4.0 4.0 353.0340881347656 245.39718627929688
5.0 4.0 395.2845764160156 246.36277770996094
6.0 4.0 437.340576171875 247.25103759765625
0.0 0.0 190.0 77.0
1.0 0.0 228.395751953125 71.7401351928711
2.0 0.0 271.6116027832031 72.89836120605469
3.0 0.0 314.4832458496094 74.40921783447266
4.0 0.0 357.2413635253906 75.77074432373047
5.0 0.0 400.121337890625 76.94713592529297
6.0 0.0 443.1466064453125 77.88282775878906
0.0 1.0 184.49171447753906 113.54486083984375
1.0 1.0 228.07740783691406 114.73688507080078
2.0 1.0 270.81402587890625 116.48603057861328
3.0 1.0 313.3919982910156 117.3302230834961
4.0 1.0 356.1222839355469 118.78033447265625
5.0 1.0 398.8241882324219 119.61347198486328
6.0 1.0 441.4402160644531 120.84590148925781
0.0 2.0 183.8634033203125 156.43443298339844
1.0 2.0 226.76187133789062 157.5350341796875
2.0 2.0 269.9308166503906 158.95816040039062
3.0 2.0 312.25341796875 159.99684143066406
4.0 2.0 355.17926025390625 161.09254455566406
5.0 2.0 397.4448547363281 161.95779418945312
6.0 2.0 440.1697692871094 163.23863220214844
0.0 3.0 183.03207397460938 199.0283966064453
1.0 3.0 226.22378540039062 200.2367706298828
2.0 3.0 269.08831787109375 201.10586547851562
3.0 3.0 311.49420166015625 202.0966796875
4.0 3.0 354.041015625 203.41781616210938
5.0 3.0 396.5960998535156 204.2372283935547
6.0 3.0 439.1614685058594 205.17074584960938
0.0 4.0 182.75364685058594 241.6112823486328
1.0 4.0 225.24569702148438 242.6929473876953
2.0 4.0 267.8205871582031 243.37779235839844
3.0 4.0 310.40350341796875 244.4021453857422
4.0 4.0 353.030029296875 245.3926239013672
5.0 4.0 395.3355407714844 246.37120056152344
6.0 4.0 437.5063781738281 247.3937225341797
0.0 0.0 184.94186401367188 70.20315551757812
1.0 0.0 228.4425048828125 71.71692657470703
2.0 0.0 271.7035827636719 73.22247314453125
3.0 0.0 314.8067932128906 74.54920959472656
4.0 0.0 357.37030029296875 75.62944793701172
5.0 0.0 400.1835021972656 77.05448913574219
6.0 0.0 442.8480529785156 78.1734390258789
0.0 1.0 184.4973602294922 113.62586212158203
1.0 1.0 228.0861358642578 114.79045104980469
2.0 1.0 270.7943420410156 116.39451599121094
3.0 1.0 313.3411560058594 117.38375854492188
4.0 1.0 356.3564758300781 118.87382507324219
5.0 1.0 398.67254638671875 119.58445739746094
6.0 1.0 441.54376220703125 120.6783676147461
0.0 2.0 183.6704864501953 156.5435333251953
1.0 2.0 226.90399169921875 157.69146728515625
2.0 2.0 269.7679138183594 159.06971740722656
3.0 2.0 312.3222961425781 159.96853637695312
4.0 2.0 355.24627685546875 160.98692321777344
5.0 2.0 397.64093017578125 162.09494018554688
6.0 2.0 440.07867431640625 163.09954833984375
0.0 3.0 183.04498291015625 198.9889678955078
1.0 3.0 226.2852325439453 200.2784423828125
2.0 3.0 269.10888671875 201.20249938964844
3.0 3.0 311.6023254394531 202.46726989746094
4.0 3.0 353.84600830078125 203.3985595703125
5.0 3.0 396.5853576660156 204.27688598632812
6.0 3.0 439.1416320800781 205.29151916503906
0.0 4.0 182.50877380371094 241.57994079589844
1.0 4.0 225.39381408691406 242.57550048828125
2.0 4.0 268.00616455078125 243.42393493652344
3.0 4.0 310.306884765625 244.37867736816406
4.0 4.0 352.9031677246094 245.37741088867188
5.0 4.0 395.2569580078125 246.37400817871094
6.0 4.0 437.50653076171875 247.31866455078125
0.0 0.0 184.8511199951172 70.21837615966797
1.0 0.0 228.3377227783203 71.70294189453125
2.0 0.0 271.8083190917969 73.06226348876953
3.0 0.0 314.5659484863281 74.5497055053711
4.0 0.0 357.218017578125 75.77981567382812
5.0 0.0 400.2117919921875 77.25454711914062
6.0 0.0 442.99822998046875 78.01982116699219
0.0 1.0 184.4999542236328 113.69866943359375
1.0 1.0 227.5470428466797 115.03157043457031
2.0 1.0 270.61474609375 116.36231231689453
3.0 1.0 313.3498229980469 117.44342041015625
4.0 1.0 356.3476257324219 118.59502410888672
5.0 1.0 398.8669128417969 119.64767456054688
6.0 1.0 441.64251708984375 120.56794738769531
0.0 2.0 183.76243591308594 156.4522247314453
1.0 2.0 226.84690856933594 157.51031494140625
2.0 2.0 269.86566162109375 158.99598693847656
3.0 2.0 312.2373352050781 159.97817993164062
4.0 2.0 355.3326110839844 160.97409057617188
5.0 2.0 397.5307312011719 162.33969116210938
6.0 2.0 440.23968505859375 163.2715301513672
0.0 3.0 183.12734985351562 199.10977172851562
1.0 3.0 226.17874145507812 200.23025512695312
2.0 3.0 269.1317138671875 201.23419189453125
3.0 3.0 311.3062744140625 202.361328125
4.0 3.0 353.9145202636719 203.37049865722656
5.0 3.0 396.3800048828125 204.40618896484375
6.0 3.0 438.9023742675781 205.32679748535156
0.0 4.0 182.49642944335938 241.58816528320312
1.0 4.0 225.33705139160156 242.6120147705078
2.0 4.0 268.1174011230469 243.59494018554688
3.0 4.0 310.27703857421875 244.36936950683594
4.0 4.0 347.280029296875 238.0723876953125
5.0 4.0 404.2284851074219 240.90310668945312
6.0 4.0 437.7359619140625 247.26112365722656
0.0 0.0 190.0 77.0
1.0 0.0 228.43426513671875 71.70706176757812
2.0 0.0 271.50579833984375 73.0552749633789
3.0 0.0 314.5375671386719 74.4854965209961
4.0 0.0 357.2064208984375 75.79009246826172
5.0 0.0 400.26519775390625 77.06095886230469
6.0 0.0 443.0236511230469 78.15430450439453
0.0 1.0 184.4709930419922 113.73258972167969
1.0 1.0 228.08567810058594 114.73767852783203
2.0 1.0 270.7716979980469 116.36168670654297
3.0 1.0 313.4706726074219 117.45498657226562
4.0 1.0 356.2640686035156 118.71742248535156
5.0 1.0 398.7367248535156 119.79959106445312
6.0 1.0 441.6332092285156 120.86294555664062
0.0 2.0 183.65164184570312 156.47735595703125
1.0 2.0 226.71949768066406 157.43898010253906
2.0 2.0 269.9911193847656 158.92283630371094
3.0 2.0 312.2835693359375 160.02194213867188
4.0 2.0 355.0266418457031 160.98538208007812
5.0 2.0 397.705078125 161.9896697998047
6.0 2.0 440.04791259765625 163.12901306152344
0.0 3.0 183.1684112548828 199.07403564453125
1.0 3.0 226.24063110351562 200.20130920410156
2.0 3.0 269.1002502441406 201.16775512695312
3.0 3.0 311.4012145996094 202.40489196777344
4.0 3.0 354.03826904296875 203.28057861328125
5.0 3.0 396.515380859375 204.3738250732422
6.0 3.0 438.9361877441406 205.13719177246094
0.0 4.0 182.70211791992188 241.48133850097656
1.0 4.0 225.3067169189453 242.927978515625
2.0 4.0 268.0535888671875 243.44564819335938
3.0 4.0 310.4779968261719 244.3388214111328
4.0 4.0 352.9637756347656 245.3417510986328
5.0 4.0 395.249755859375 246.43690490722656
6.0 4.0 429.4922790527344 240.78053283691406
0.0 0.0 184.94979858398438 70.25651550292969
1.0 0.0 228.33453369140625 71.68939208984375
2.0 0.0 271.5322265625 72.99127197265625
3.0 0.0 314.54913330078125 74.52153015136719
4.0 0.0 357.2686462402344 75.62588500976562
5.0 0.0 400.211669921875 76.96791076660156
6.0 0.0 443.0241394042969 78.11483001708984
0.0 1.0 184.37918090820312 113.62101745605469
1.0 1.0 228.03860473632812 114.83354949951172
2.0 1.0 270.5830383300781 116.35587310791016
3.0 1.0 313.230224609375 117.37555694580078
4.0 1.0 356.30169677734375 118.6312255859375
5.0 1.0 398.6669006347656 119.63053894042969
6.0 1.0 441.706298828125 120.83385467529297
0.0 2.0 183.7697296142578 156.4950714111328
1.0 2.0 226.9403839111328 157.53555297851562
2.0 2.0 269.932861328125 158.98104858398438
3.0 2.0 312.57989501953125 160.00204467773438
4.0 2.0 355.21392822265625 161.07577514648438
5.0 2.0 397.59283447265625 162.04092407226562
6.0 2.0 440.2247009277344 163.17311096191406
0.0 3.0 183.1713104248047 199.12686157226562
1.0 3.0 226.36392211914062 200.20358276367188
2.0 3.0 268.9045715332031 201.04432678222656
3.0 3.0 311.3055114746094 202.47047424316406
4.0 3.0 353.963134765625 203.5385284423828
5.0 3.0 396.52178955078125 204.44924926757812
6.0 3.0 438.9124755859375 205.5040283203125
0.0 4.0 182.5176239013672 241.57968139648438
1.0 4.0 225.31103515625 242.85975646972656
2.0 4.0 262.0 237.0
3.0 4.0 317.0 239.0
4.0 4.0 352.9696044921875 245.37767028808594
5.0 4.0 395.2190246582031 246.46142578125
6.0 4.0 437.4739074707031 247.3153533935547
0.0 0.0 190.0 77.0
1.0 0.0 228.34829711914062 71.67202758789062
2.0 0.0 271.5211181640625 73.15380096435547
3.0 0.0 314.53021240234375 74.5828857421875
4.0 0.0 357.25537109375 75.7939682006836
5.0 0.0 400.2935485839844 76.99620819091797
6.0 0.0 442.7987365722656 78.14552307128906
0.0 1.0 184.53524780273438 113.7758560180664
1.0 1.0 228.01806640625 114.86563873291016
2.0 1.0 270.7611083984375 116.4061279296875
3.0 1.0 313.3506164550781 117.43888854980469
4.0 1.0 356.3610534667969 118.60787963867188
5.0 1.0 398.7568359375 119.68926239013672
6.0 1.0 441.5423278808594 120.59164428710938
0.0 2.0 183.70201110839844 156.47735595703125
1.0 2.0 226.9300537109375 157.4954833984375
2.0 2.0 269.8844299316406 159.01060485839844
3.0 2.0 312.37261962890625 160.00479125976562
4.0 2.0 355.2745666503906 161.00555419921875
5.0 2.0 397.46014404296875 162.2633056640625
6.0 2.0 440.2449645996094 163.18994140625
0.0 3.0 183.05865478515625 199.07940673828125
1.0 3.0 226.2925262451172 200.01992797851562
2.0 3.0 269.06597900390625 201.20777893066406
3.0 3.0 311.3912658691406 202.35340881347656
4.0 3.0 353.9527282714844 203.4835205078125
5.0 3.0 396.3783874511719 204.42181396484375
6.0 3.0 439.01751708984375 205.1820526123047
0.0 4.0 182.68502807617188 241.5460205078125
1.0 4.0 225.3406982421875 242.67941284179688
2.0 4.0 267.9781494140625 243.2145538330078
3.0 4.0 310.2404479980469 244.36160278320312
4.0 4.0 346.12945556640625 238.1178741455078
5.0 4.0 403.0 240.0
6.0 4.0 437.4141845703125 247.14308166503906
0.0 0.0 184.86924743652344 70.1673583984375
1.0 0.0 228.38983154296875 71.75291442871094
2.0 0.0 271.55096435546875 73.11066436767578
3.0 0.0 314.50872802734375 74.51448822021484
4.0 0.0 357.330322265625 75.67782592773438
5.0 0.0 400.24261474609375 77.15559387207031
6.0 0.0 443.04205322265625 77.67890167236328
0.0 1.0 184.4686279296875 113.64836120605469
1.0 1.0 228.0164031982422 114.80278778076172
2.0 1.0 270.6593933105469 116.44207763671875
3.0 1.0 313.31561279296875 117.43528747558594
4.0 1.0 356.25177001953125 118.58393859863281
5.0 1.0 398.71685791015625 119.71542358398438
6.0 1.0 441.6114196777344 120.9266128540039
0.0 2.0 183.80506896972656 156.380126953125
1.0 2.0 226.95297241210938 157.5614013671875
2.0 2.0 269.8673400878906 159.0529022216797
3.0 2.0 312.26959228515625 160.01199340820312
4.0 2.0 355.2234802246094 160.964599609375
5.0 2.0 397.3990173339844 161.76075744628906
6.0 2.0 440.2835388183594 163.00096130371094
0.0 3.0 183.17361450195312 199.00816345214844
1.0 3.0 226.2573699951172 200.03890991210938
2.0 3.0 269.15838623046875 201.21612548828125
3.0 3.0 311.41162109375 202.14564514160156
4.0 3.0 354.01171875 203.23692321777344
5.0 3.0 396.47662353515625 204.34475708007812
6.0 3.0 438.9220886230469 205.59512329101562
0.0 4.0 182.35873413085938 241.75506591796875
1.0 4.0 225.3589630126953 242.78472900390625
2.0 4.0 268.0140380859375 243.2845916748047
3.0 4.0 310.4672546386719 244.4267578125
4.0 4.0 352.77734375 245.4977264404297
5.0 4.0 395.3263244628906 246.5380096435547
6.0 4.0 437.0 249.5
0.0 0.0 190.0 77.0
1.0 0.0 228.49496459960938 71.77293395996094
2.0 0.0 271.64422607421875 73.01730346679688
3.0 0.0 314.6046142578125 74.67488098144531
4.0 0.0 357.14404296875 75.59455108642578
5.0 0.0 400.216064453125 76.96148681640625
6.0 0.0 443.01239013671875 77.92736053466797
0.0 1.0 184.42568969726562 113.60782623291016
1.0 1.0 227.93423461914062 114.78922271728516
2.0 1.0 270.7165832519531 116.45465087890625
3.0 1.0 313.3509216308594 117.33405303955078
4.0 1.0 356.3519592285156 118.69966888427734
5.0 1.0 399.0425109863281 119.59758758544922
6.0 1.0 441.7958068847656 120.5959701538086
0.0 2.0 183.7633819580078 156.4716339111328
1.0 2.0 226.97811889648438 157.61062622070312
2.0 2.0 269.9024353027344 158.88999938964844
3.0 2.0 312.7827453613281 160.36102294921875
4.0 2.0 355.1012878417969 161.1553497314453
5.0 2.0 397.5235595703125 162.209716796875
6.0 2.0 440.2549743652344 163.08738708496094
0.0 3.0 182.96469116210938 199.05203247070312
1.0 3.0 226.3065185546875 200.2434539794922
2.0 3.0 268.94140625 201.04083251953125
3.0 3.0 311.3672790527344 202.2935333251953
4.0 3.0 354.0451354980469 203.492919921875
5.0 3.0 396.4248352050781 204.40574645996094
6.0 3.0 439.1684875488281 205.4059600830078
0.0 4.0 182.60826110839844 241.5853729248047
1.0 4.0 225.2958984375 242.67572021484375
2.0 4.0 260.0261535644531 235.7119903564453
3.0 4.0 317.7145690917969 237.0702362060547
4.0 4.0 353.0584716796875 245.4208221435547
5.0 4.0 395.4359130859375 246.61227416992188
6.0 4.0 437.3812255859375 247.3076934814453
0.0 0.0 184.9936981201172 70.1344223022461
1.0 0.0 228.28147888183594 71.5998306274414
2.0 0.0 271.5673522949219 73.18753051757812
3.0 0.0 314.49517822265625 74.5127182006836
4.0 0.0 357.4225158691406 75.71031188964844
5.0 0.0 400.1374206542969 77.01555633544922
6.0 0.0 442.9405822753906 78.01142883300781
0.0 1.0 184.50018310546875 113.67520141601562
1.0 1.0 227.77076721191406 114.9830551147461
2.0 1.0 270.777587890625 116.39682006835938
3.0 1.0 313.36810302734375 117.54536437988281
4.0 1.0 356.310791015625 118.70386505126953
5.0 1.0 398.69049072265625 119.70236206054688
6.0 1.0 441.47991943359375 120.81724548339844
0.0 2.0 183.72238159179688 156.52952575683594
1.0 2.0 226.8163299560547 157.5943145751953
2.0 2.0 269.72930908203125 159.09609985351562
3.0 2.0 312.3980407714844 159.95225524902344
4.0 2.0 355.3199462890625 160.9957275390625
5.0 2.0 397.4308166503906 162.03213500976562
6.0 2.0 440.4333190917969 163.0398406982422
0.0 3.0 183.1435546875 199.11415100097656
1.0 3.0 226.350341796875 200.15342712402344
2.0 3.0 269.0715026855469 201.1514129638672
3.0 3.0 311.59228515625 202.355712890625
4.0 3.0 353.98492431640625 203.36843872070312
5.0 3.0 396.5634765625 204.35386657714844
6.0 3.0 439.0068664550781 205.55987548828125
0.0 4.0 182.60977172851562 241.58912658691406
1.0 4.0 225.2464599609375 242.91941833496094
2.0 4.0 268.0199890136719 243.5395965576172
3.0 4.0 310.2634582519531 244.22679138183594
4.0 4.0 353.0628967285156 245.4515838623047
5.0 4.0 395.3083801269531 246.40664672851562
6.0 4.0 437.54473876953125 247.26133728027344
0.0 0.0 185.0226593017578 70.18321228027344
1.0 0.0 228.485107421875 71.71282958984375
2.0 0.0 271.6943359375 73.14818572998047
3.0 0.0 314.63604736328125 74.49984741210938
4.0 0.0 357.32806396484375 75.63481903076172
5.0 0.0 400.15106201171875 76.90508270263672
6.0 0.0 442.9115295410156 77.79300689697266
0.0 1.0 184.529541015625 113.63206481933594
1.0 1.0 228.08067321777344 114.76290893554688
2.0 1.0 270.6287536621094 116.42190551757812
3.0 1.0 313.40594482421875 117.33570861816406
4.0 1.0 356.2867126464844 118.77417755126953
5.0 1.0 398.7639465332031 119.74475860595703
6.0 1.0 441.5604248046875 120.71066284179688
0.0 2.0 183.72654724121094 156.53175354003906
1.0 2.0 226.89947509765625 157.61526489257812
2.0 2.0 269.9353942871094 159.0043487548828
3.0 2.0 312.30419921875 159.99923706054688
4.0 2.0 355.1042175292969 161.25575256347656
5.0 2.0 397.54510498046875 161.88233947753906
6.0 2.0 440.28240966796875 162.98411560058594
0.0 3.0 183.0693359375 199.16091918945312
1.0 3.0 226.2780303955078 200.0540313720703
2.0 3.0 269.0791015625 201.14273071289062
3.0 3.0 311.4708557128906 202.36166381835938
4.0 3.0 354.0182800292969 203.241455078125
5.0 3.0 396.5296630859375 204.26185607910156
6.0 3.0 439.05975341796875 205.5309600830078
0.0 4.0 182.63795471191406 241.56712341308594
1.0 4.0 225.37928771972656 242.69149780273438
2.0 4.0 267.8597717285156 243.3726043701172
3.0 4.0 310.2998046875 244.35585021972656
4.0 4.0 352.94866943359375 245.40432739257812
5.0 4.0 395.330810546875 246.46127319335938
6.0 4.0 437.60125732421875 247.10992431640625
0.0 0.0 190.0 77.0
1.0 0.0 228.33221435546875 71.66838073730469
2.0 0.0 271.65460205078125 73.03687286376953
3.0 0.0 314.74810791015625 74.52853393554688
4.0 0.0 357.2904968261719 75.81393432617188
5.0 0.0 400.3411865234375 77.11211395263672
6.0 0.0 443.1095886230469 77.8579330444336
0.0 1.0 184.64817810058594 113.6502685546875
1.0 1.0 227.93190002441406 114.80968475341797
2.0 1.0 270.7347717285156 116.37129211425781
3.0 1.0 313.3760681152344 117.4052505493164
4.0 1.0 356.1831359863281 118.77477264404297
5.0 1.0 398.6944885253906 119.78041076660156
6.0 1.0 441.4927062988281 120.72907257080078
0.0 2.0 183.713623046875 156.35585021972656
1.0 2.0 226.8625030517578 157.67221069335938
2.0 2.0 269.7675476074219 159.02183532714844
3.0 2.0 312.18878173828125 159.9289093017578
4.0 2.0 355.25164794921875 161.04063415527344
5.0 2.0 397.5165100097656 162.0634765625
6.0 2.0 440.2557373046875 163.03060913085938
0.0 3.0 183.1114501953125 199.22508239746094
1.0 3.0 226.3656005859375 200.0943603515625
2.0 3.0 269.0230407714844 201.18670654296875
3.0 3.0 311.5288391113281 202.2510986328125
4.0 3.0 354.0347900390625 203.2663116455078
5.0 3.0 396.4756774902344 204.34063720703125
6.0 3.0 438.9525146484375 205.2900848388672
0.0 4.0 182.50230407714844 241.55050659179688
1.0 4.0 225.3939971923828 242.7764892578125
2.0 4.0 267.9198303222656 243.5317840576172
3.0 4.0 310.348388671875 244.27603149414062
4.0 4.0 352.88275146484375 245.48825073242188
5.0 4.0 395.3279724121094 246.41799926757812
6.0 4.0 437.6849365234375 247.3811492919922
0.0 0.0 190.91226196289062 75.70367431640625
1.0 0.0 228.48843383789062 71.83985137939453
2.0 0.0 271.46759033203125 73.01715087890625
3.0 0.0 314.617431640625 74.44654846191406
4.0 0.0 357.3621826171875 75.62064361572266
5.0 0.0 400.1557922363281 76.97384643554688
6.0 0.0 442.95233154296875 78.05671691894531
0.0 1.0 184.447998046875 113.64273071289062
1.0 1.0 227.96588134765625 114.76206970214844
2.0 1.0 270.8281555175781 116.36994934082031
3.0 1.0 313.4978332519531 117.39192962646484
4.0 1.0 356.34686279296875 118.79354095458984
5.0 1.0 398.69775390625 119.64264678955078
6.0 1.0 441.4178161621094 120.72826385498047
0.0 2.0 183.8415069580078 156.40985107421875
1.0 2.0 226.86181640625 157.5658416748047
2.0 2.0 269.8294982910156 159.10414123535156
3.0 2.0 312.3296203613281 159.94847106933594
4.0 2.0 355.30059814453125 161.26136779785156
5.0 2.0 397.6040954589844 162.11892700195312
6.0 2.0 440.2618713378906 163.12673950195312
0.0 3.0 183.13575744628906 199.15719604492188
1.0 3.0 226.28500366210938 200.15953063964844
2.0 3.0 269.0639343261719 201.16273498535156
3.0 3.0 311.4709167480469 202.39572143554688
4.0 3.0 353.98126220703125 203.25575256347656
5.0 3.0 396.5841064453125 204.288818359375
6.0 3.0 439.0367126464844 205.3863525390625
0.0 4.0 182.67478942871094 241.56008911132812
1.0 4.0 225.38165283203125 242.72280883789062
2.0 4.0 268.0095520019531 243.52818298339844
3.0 4.0 310.3265075683594 244.34400939941406
4.0 4.0 353.1838684082031 245.3748016357422
5.0 4.0 395.3803405761719 246.3883056640625
6.0 4.0 437.6949768066406 247.19439697265625
0.0 0.0 190.0 77.0
1.0 0.0 228.30169677734375 71.68108367919922
2.0 0.0 271.5126037597656 73.04656982421875
3.0 0.0 314.6397705078125 74.47349548339844
4.0 0.0 357.3138427734375 75.6578369140625
5.0 0.0 400.1282958984375 76.99172973632812
6.0 0.0 443.0456848144531 77.92823791503906
0.0 1.0 184.3963623046875 113.5911865234375
1.0 1.0 228.01258850097656 114.82953643798828
2.0 1.0 270.714111328125 116.44445037841797
3.0 1.0 313.3133544921875 117.34764862060547
4.0 1.0 356.3177795410156 118.71981048583984
5.0 1.0 398.86468505859375 119.37208557128906
6.0 1.0 441.62152099609375 120.78833770751953
0.0 2.0 183.9105987548828 156.4601287841797
1.0 2.0 226.95391845703125 157.73171997070312
2.0 2.0 270.02362060546875 158.87030029296875
3.0 2.0 312.5337829589844 160.14622497558594
4.0 2.0 355.3009033203125 161.03912353515625
5.0 2.0 397.2979431152344 162.03485107421875
6.0 2.0 440.3071594238281 163.1666717529297
0.0 3.0 183.1561279296875 199.14871215820312
1.0 3.0 226.1576690673828 200.25892639160156
2.0 3.0 268.9255676269531 201.2143096923828
3.0 3.0 311.56536865234375 202.4060821533203
4.0 3.0 353.92083740234375 203.29345703125
5.0 3.0 396.5711669921875 204.3040008544922
6.0 3.0 438.9974060058594 205.43101501464844
0.0 4.0 182.60107421875 241.70556640625
1.0 4.0 225.3256072998047 242.81422424316406
2.0 4.0 262.3718566894531 235.49180603027344
3.0 4.0 317.0 239.0
4.0 4.0 352.9790344238281 245.45187377929688
5.0 4.0 395.36688232421875 246.63052368164062
6.0 4.0 437.6172180175781 247.28768920898438
0.0 0.0 190.26283264160156 76.19478607177734
1.0 0.0 228.35513305664062 71.8509750366211
2.0 0.0 271.5660705566406 73.13494873046875
3.0 0.0 314.4595947265625 74.38297271728516
4.0 0.0 357.28704833984375 75.7530288696289
5.0 0.0 400.06549072265625 76.88421630859375
6.0 0.0 442.775390625 77.86952209472656
0.0 1.0 184.43211364746094 113.74185943603516
1.0 1.0 227.7904052734375 114.89401245117188
2.0 1.0 270.7391357421875 116.4199447631836
3.0 1.0 313.3526611328125 117.5617904663086
4.0 1.0 356.3821716308594 118.6661376953125
5.0 1.0 398.75482177734375 119.55728912353516
6.0 1.0 441.5260314941406 120.61904907226562
0.0 2.0 183.76930236816406 156.50010681152344
1.0 2.0 226.97671508789062 157.58905029296875
2.0 2.0 269.8848876953125 159.04335021972656
3.0 2.0 312.2848815917969 159.88800048828125
4.0 2.0 355.2545166015625 161.0099334716797
5.0 2.0 397.2043151855469 161.9303741455078
6.0 2.0 440.3800354003906 163.0891571044922
0.0 3.0 183.0591583251953 199.05825805664062
1.0 3.0 226.3320770263672 200.0361328125
2.0 3.0 269.0153503417969 201.2445526123047
3.0 3.0 311.4268493652344 202.36647033691406
4.0 3.0 353.983154296875 203.35238647460938
5.0 3.0 396.3603820800781 204.48147583007812
6.0 3.0 438.9226379394531 205.4720916748047
0.0 4.0 182.64926147460938 241.54959106445312
1.0 4.0 225.39952087402344 242.77557373046875
2.0 4.0 268.0960693359375 243.5189666748047
3.0 4.0 310.3226623535156 244.3298797607422
4.0 4.0 353.025390625 245.37118530273438
5.0 4.0 395.4949645996094 246.5006561279297
6.0 4.0 430.0 241.0
0.0 0.0 190.0 77.0
1.0 0.0 228.39854431152344 71.67616271972656
2.0 0.0 271.583984375 72.98780059814453
3.0 0.0 314.5197448730469 74.42521667480469
4.0 0.0 357.3292236328125 75.64686584472656
5.0 0.0 400.1378479003906 76.97024536132812
6.0 0.0 443.0468444824219 78.07563781738281
0.0 1.0 184.47682189941406 113.54349517822266
1.0 1.0 227.99864196777344 114.85077667236328
2.0 1.0 270.7554016113281 116.38597106933594
3.0 1.0 313.4316711425781 117.5816650390625
4.0 1.0 356.4612731933594 118.68240356445312
5.0 1.0 398.90814208984375 119.67205047607422
6.0 1.0 441.57489013671875 120.81874084472656
0.0 2.0 183.91795349121094 156.4982452392578
1.0 2.0 226.8023223876953 157.6150665283203
2.0 2.0 270.0509948730469 158.77993774414062
3.0 2.0 312.403564453125 160.0573272705078
4.0 2.0 355.2143859863281 161.05709838867188
5.0 2.0 397.59796142578125 162.1431884765625
6.0 2.0 440.2697448730469 163.1737823486328
0.0 3.0 183.08670043945312 199.04379272460938
1.0 3.0 226.1328887939453 200.21131896972656
2.0 3.0 268.9664306640625 201.06224060058594
3.0 3.0 311.5667419433594 202.4898681640625
4.0 3.0 353.91357421875 203.28282165527344
5.0 3.0 396.378662109375 204.2373046875
6.0 3.0 439.08673095703125 205.39529418945312
0.0 4.0 182.5984649658203 241.4825439453125
1.0 4.0 225.26901245117188 243.08346557617188
2.0 4.0 268.1810302734375 243.35171508789062
3.0 4.0 310.36578369140625 244.21498107910156
4.0 4.0 353.0358581542969 245.5796356201172
5.0 4.0 395.3653564453125 246.4234161376953
6.0 4.0 437.4942626953125 247.32400512695312
0.0 0.0 184.8644561767578 70.25484466552734
1.0 0.0 228.42776489257812 71.65149688720703
2.0 0.0 271.5849304199219 72.98439025878906
3.0 0.0 314.5531311035156 74.5165786743164
4.0 0.0 357.3038635253906 75.67178344726562
5.0 0.0 400.1645202636719 77.01043701171875
6.0 0.0 442.9287109375 78.04444122314453
0.0 1.0 184.57662963867188 113.63288879394531
1.0 1.0 227.95947265625 114.87822723388672
2.0 1.0 270.6238098144531 116.28569030761719
3.0 1.0 313.3199462890625 117.26753997802734
4.0 1.0 356.35540771484375 118.6689453125
5.0 1.0 398.8692932128906 119.7616958618164
6.0 1.0 441.5086975097656 120.81865692138672
0.0 2.0 183.7627716064453 156.49310302734375
1.0 2.0 226.8619842529297 157.60496520996094
2.0 2.0 269.90350341796875 158.9778289794922
3.0 2.0 312.356201171875 160.03848266601562
4.0 2.0 355.09527587890625 160.92257690429688
5.0 2.0 397.46600341796875 162.0458984375
6.0 2.0 440.2978515625 163.15261840820312
0.0 3.0 183.3042755126953 199.17633056640625
1.0 3.0 226.46141052246094 200.01951599121094
2.0 3.0 269.0998229980469 201.16664123535156
3.0 3.0 311.36328125 202.4716339111328
4.0 3.0 353.9093933105469 203.26783752441406
5.0 3.0 396.5272521972656 204.42738342285156
6.0 3.0 438.93243408203125 205.4443817138672
0.0 4.0 182.6083984375 241.5313720703125
1.0 4.0 225.2034454345703 242.7029571533203
2.0 4.0 268.0065002441406 243.5585174560547
3.0 4.0 310.24591064453125 244.29885864257812
4.0 4.0 352.9825134277344 245.34970092773438
5.0 4.0 395.22601318359375 246.42909240722656
6.0 4.0 430.0 241.0
0.0 0.0 184.9869842529297 70.10163879394531
1.0 0.0 228.49339294433594 71.6300048828125
2.0 0.0 271.6026611328125 73.13957214355469
3.0 0.0 314.5660095214844 74.53169250488281
4.0 0.0 357.2806396484375 75.710693359375
5.0 0.0 400.2864074707031 76.97881317138672
6.0 0.0 442.9180603027344 77.66533660888672
0.0 1.0 184.47496032714844 113.71128845214844
1.0 1.0 228.0089111328125 114.84342193603516
2.0 1.0 270.6525573730469 116.41972351074219
3.0 1.0 313.4480895996094 117.31742095947266
4.0 1.0 356.267578125 118.43150329589844
5.0 1.0 398.77301025390625 119.62931823730469
6.0 1.0 441.44842529296875 120.66891479492188
0.0 2.0 183.73431396484375 156.5043182373047
1.0 2.0 226.8263397216797 157.66612243652344
2.0 2.0 269.8587646484375 159.02499389648438
3.0 2.0 312.2257995605469 159.83401489257812
4.0 2.0 355.0999755859375 161.0113067626953
5.0 2.0 397.602294921875 162.01730346679688
6.0 2.0 440.23565673828125 163.24114990234375
0.0 3.0 183.22274780273438 199.1044921875
1.0 3.0 226.3053741455078 200.14373779296875
2.0 3.0 269.0655212402344 201.19583129882812
3.0 3.0 311.5803527832031 202.48526000976562
4.0 3.0 354.022705078125 203.40565490722656
5.0 3.0 396.56146240234375 204.45565795898438
6.0 3.0 439.05084228515625 205.4246063232422
0.0 4.0 182.45046997070312 241.6309356689453
1.0 4.0 225.29978942871094 242.8092041015625
2.0 4.0 268.11749267578125 243.40753173828125
3.0 4.0 310.3653869628906 244.23150634765625
4.0 4.0 353.0244140625 245.41635131835938
5.0 4.0 395.30841064453125 246.40798950195312
6.0 4.0 432.0 240.0
0.0 0.0 184.78347778320312 70.22270965576172
1.0 0.0 228.35238647460938 71.51703643798828
2.0 0.0 271.6064453125 73.21288299560547
3.0 0.0 314.649658203125 74.45528411865234
4.0 0.0 357.305908203125 75.65786743164062
5.0 0.0 400.1515197753906 77.20501708984375
6.0 0.0 442.89617919921875 78.12332916259766
0.0 1.0 184.49778747558594 113.64849090576172
1.0 1.0 228.1666259765625 114.74388122558594
2.0 1.0 270.9131164550781 116.40007781982422
3.0 1.0 313.31536865234375 117.43793487548828
4.0 1.0 356.3097229003906 118.68641662597656
5.0 1.0 398.8341369628906 119.55950164794922
6.0 1.0 441.6395263671875 120.75794219970703
0.0 2.0 183.64779663085938 156.48077392578125
1.0 2.0 226.90928649902344 157.6514434814453
2.0 2.0 269.83428955078125 159.05447387695312
3.0 2.0 312.26934814453125 160.0817413330078
4.0 2.0 355.24127197265625 160.98277282714844
5.0 2.0 397.3548583984375 161.90638732910156
6.0 2.0 440.19921875 163.05996704101562
0.0 3.0 183.2803497314453 199.1868438720703
1.0 3.0 226.26983642578125 200.26748657226562
2.0 3.0 269.13555908203125 201.17526245117188
3.0 3.0 311.4139099121094 202.42678833007812
4.0 3.0 353.98614501953125 203.21437072753906
5.0 3.0 396.45635986328125 204.34823608398438
6.0 3.0 438.8955993652344 205.5009307861328
0.0 4.0 182.65342712402344 241.6866455078125
1.0 4.0 225.2903289794922 242.80259704589844
2.0 4.0 268.0096130371094 243.55963134765625
3.0 4.0 310.2791442871094 244.35427856445312
4.0 4.0 347.0 238.0
5.0 4.0 401.5206298828125 240.53736877441406
6.0 4.0 430.0 241.0
0.0 0.0 190.0 77.0
1.0 0.0 228.38072204589844 71.66009521484375
2.0 0.0 271.6727294921875 73.05931854248047
3.0 0.0 314.4675598144531 74.34085083007812
4.0 0.0 357.4108581542969 75.51349639892578
5.0 0.0 400.2064208984375 76.98211669921875
6.0 0.0 442.9098815917969 77.99356079101562
0.0 1.0 184.39822387695312 113.5389404296875
1.0 1.0 227.9978790283203 114.83088684082031
2.0 1.0 270.83233642578125 116.34441375732422
3.0 1.0 313.37493896484375 117.50401306152344
4.0 1.0 356.4122619628906 118.54341125488281
5.0 1.0 398.7303466796875 119.65886688232422
6.0 1.0 441.6050109863281 120.89645385742188
0.0 2.0 183.9215545654297 156.43898010253906
1.0 2.0 226.87774658203125 157.56854248046875
2.0 2.0 269.96038818359375 159.04226684570312
3.0 2.0 312.41265869140625 159.8728790283203
4.0 2.0 355.2471008300781 161.006591796875
5.0 2.0 397.648193359375 161.8491668701172
6.0 2.0 440.18255615234375 163.15493774414062
0.0 3.0 183.0151824951172 199.09368896484375
1.0 3.0 226.14732360839844 200.29042053222656
2.0 3.0 268.8864440917969 201.20704650878906
3.0 3.0 311.5267639160156 202.5134735107422
4.0 3.0 353.9477844238281 203.25440979003906
5.0 3.0 396.4283447265625 204.39007568359375
6.0 3.0 438.9807434082031 205.39486694335938
0.0 4.0 182.67413330078125 241.54656982421875
1.0 4.0 225.35826110839844 242.72637939453125
2.0 4.0 267.73883056640625 243.640869140625
3.0 4.0 310.2489013671875 244.23548889160156
4.0 4.0 353.050048828125 245.47804260253906
5.0 4.0 395.288330078125 246.39532470703125
6.0 4.0 437.64642333984375 247.36380004882812
0.0 0.0 190.0 77.0
1.0 0.0 228.46221923828125 71.56150817871094
2.0 0.0 271.6033935546875 73.0810546875
3.0 0.0 314.5931701660156 74.60062408447266
4.0 0.0 357.27618408203125 75.66233825683594
5.0 0.0 400.2608337402344 77.03829956054688
6.0 0.0 442.8407897949219 77.99293518066406
0.0 1.0 184.3683624267578 113.52320861816406
1.0 1.0 228.1328125 114.75019073486328
2.0 1.0 270.6217346191406 116.38639831542969
3.0 1.0 313.5314025878906 117.4710464477539
4.0 1.0 356.32666015625 118.60035705566406
5.0 1.0 398.7765808105469 119.73499298095703
6.0 1.0 441.4465026855469 120.87122344970703
0.0 2.0 183.93692016601562 156.5333251953125
1.0 2.0 226.8075714111328 157.54931640625
2.0 2.0 269.991943359375 158.91737365722656
3.0 2.0 312.37310791015625 159.8927764892578
4.0 2.0 355.2391662597656 161.11358642578125
5.0 2.0 397.337158203125 161.99867248535156
6.0 2.0 440.1332702636719 163.29348754882812
0.0 3.0 183.08734130859375 199.0470428466797
1.0 3.0 226.1333770751953 200.3000030517578
2.0 3.0 269.10888671875 201.11854553222656
3.0 3.0 311.4046630859375 202.37789916992188
4.0 3.0 353.87213134765625 203.3541259765625
5.0 3.0 396.4397277832031 204.26902770996094
6.0 3.0 439.13861083984375 205.42881774902344
0.0 4.0 182.5319061279297 241.51531982421875
1.0 4.0 225.35842895507812 242.8527069091797
2.0 4.0 262.0 237.0
3.0 4.0 317.0 239.0
4.0 4.0 353.0304260253906 245.38746643066406
5.0 4.0 395.1519470214844 246.32882690429688
6.0 4.0 437.3915100097656 247.26524353027344
0.0 0.0 184.94464111328125 70.29633331298828
1.0 0.0 228.51980590820312 71.77186584472656
2.0 0.0 271.55877685546875 73.06148529052734
3.0 0.0 314.56597900390625 74.48299407958984
4.0 0.0 357.374267578125 75.80397033691406
5.0 0.0 400.0340270996094 76.9755859375
6.0 0.0 442.9747009277344 77.77063751220703
0.0 1.0 184.5038604736328 113.52696228027344
1.0 1.0 227.9786834716797 114.71442413330078
2.0 1.0 270.7076110839844 116.38057708740234
3.0 1.0 313.4140625 117.38086700439453
4.0 1.0 356.27801513671875 118.57815551757812
5.0 1.0 398.88897705078125 119.64691162109375
6.0 1.0 441.5011291503906 120.69514465332031
0.0 2.0 184.04856872558594 156.29283142089844
1.0 2.0 226.92623901367188 157.49562072753906
2.0 2.0 269.89447021484375 159.03579711914062
3.0 2.0 312.4547424316406 159.88438415527344
4.0 2.0 355.2017517089844 161.1882781982422
5.0 2.0 397.4635009765625 162.12767028808594
6.0 2.0 440.2659606933594 163.16543579101562
0.0 3.0 183.03836059570312 199.0726318359375
1.0 3.0 226.06573486328125 200.28582763671875
2.0 3.0 268.906005859375 201.17459106445312
3.0 3.0 311.4971008300781 202.48904418945312
4.0 3.0 353.96466064453125 203.373046875
5.0 3.0 396.5465393066406 204.39706420898438
6.0 3.0 439.00604248046875 205.3812713623047
0.0 4.0 182.66517639160156 241.56321716308594
1.0 4.0 225.48907470703125 242.82630920410156
2.0 4.0 267.989990234375 243.23719787597656
3.0 4.0 310.2479553222656 244.30914306640625
4.0 4.0 352.97210693359375 245.41326904296875
5.0 4.0 395.3119812011719 246.62132263183594
6.0 4.0 432.0 240.0
0.0 0.0 185.00677490234375 70.19572448730469
1.0 0.0 228.29981994628906 71.6954574584961
2.0 0.0 271.5990295410156 73.10826110839844
3.0 0.0 314.73046875 74.41252899169922
4.0 0.0 357.3586120605469 75.58454132080078
5.0 0.0 400.3150939941406 77.0198974609375
6.0 0.0 442.9630126953125 77.89418029785156
0.0 1.0 184.52850341796875 113.72463989257812
1.0 1.0 228.08758544921875 114.708251953125
2.0 1.0 270.7298889160156 116.31226348876953
3.0 1.0 313.50726318359375 117.35797119140625
4.0 1.0 356.3055725097656 118.90372467041016
5.0 1.0 398.7653503417969 119.64393615722656
6.0 1.0 441.5131530761719 120.75598907470703
0.0 2.0 183.81333923339844 156.53561401367188
1.0 2.0 226.84828186035156 157.42843627929688
2.0 2.0 269.9827575683594 158.99002075195312
3.0 2.0 312.4848327636719 160.04354858398438
4.0 2.0 355.43023681640625 160.9886016845703
5.0 2.0 397.6612854003906 162.0189971923828
6.0 2.0 440.23419189453125 163.13294982910156
0.0 3.0 183.06430053710938 199.02513122558594
1.0 3.0 226.34466552734375 200.126953125
2.0 3.0 269.1043395996094 201.2351531982422
3.0 3.0 311.40032958984375 202.31268310546875
4.0 3.0 353.9856872558594 203.31175231933594
5.0 3.0 396.5579528808594 204.25494384765625
6.0 3.0 439.0700378417969 205.45370483398438
0.0 4.0 182.70838928222656 241.59942626953125
1.0 4.0 225.394287109375 242.7643585205078
2.0 4.0 268.1416015625 243.435546875
3.0 4.0 310.3752136230469 244.35675048828125
4.0 4.0 347.0 238.0
5.0 4.0 402.0 239.0
6.0 4.0 430.1597595214844 240.1686553955078
0.0 0.0 190.0 77.0
1.0 0.0 228.52259826660156 71.79622650146484
2.0 0.0 271.6318359375 73.16834259033203
3.0 0.0 314.68194580078125 74.62724304199219
4.0 0.0 357.42852783203125 75.67487335205078
5.0 0.0 400.1827087402344 77.21998596191406
6.0 0.0 442.9572448730469 78.0819091796875
0.0 1.0 184.48748779296875 113.7048568725586
1.0 1.0 228.11134338378906 114.79283905029297
2.0 1.0 270.7021484375 116.43000030517578
3.0 1.0 313.4277648925781 117.50157165527344
4.0 1.0 356.5972595214844 118.53367614746094
5.0 1.0 398.7889404296875 119.60332489013672
6.0 1.0 441.31903076171875 120.7305908203125
0.0 2.0 183.69471740722656 156.4512481689453
1.0 2.0 226.82421875 157.66049194335938
2.0 2.0 269.9085998535156 159.0332489013672
3.0 2.0 312.1985778808594 159.90777587890625
4.0 2.0 355.0925598144531 160.86727905273438
5.0 2.0 397.6056823730469 162.01358032226562
6.0 2.0 440.1297302246094 163.2537841796875
0.0 3.0 183.22364807128906 199.12159729003906
1.0 3.0 226.22824096679688 200.11256408691406
2.0 3.0 269.06011962890625 201.1702423095703
3.0 3.0 311.4017333984375 202.5271453857422
4.0 3.0 354.00799560546875 203.30694580078125
5.0 3.0 396.54669189453125 204.2958526611328
6.0 3.0 439.0049133300781 205.5692138671875
0.0 4.0 182.55673217773438 241.47576904296875
1.0 4.0 225.38766479492188 242.7755126953125
2.0 4.0 268.0118408203125 243.4902801513672
3.0 4.0 310.3763427734375 244.36277770996094
4.0 4.0 347.0 238.0
5.0 4.0 403.0 240.0
6.0 4.0 437.36895751953125 247.08824157714844
0.0 0.0 184.9442138671875 70.23856353759766
1.0 0.0 228.3696746826172 71.63301086425781
2.0 0.0 271.53546142578125 73.16522216796875
3.0 0.0 314.6715087890625 74.4164810180664
4.0 0.0 357.35589599609375 75.68476104736328
5.0 0.0 400.2391662597656 77.15923309326172
6.0 0.0 442.9396057128906 78.03511047363281
0.0 1.0 184.4689178466797 113.58940887451172
1.0 1.0 227.95989990234375 114.72744750976562
2.0 1.0 270.8309020996094 116.45600891113281
3.0 1.0 313.26397705078125 117.46719360351562
4.0 1.0 356.445556640625 118.69287109375
5.0 1.0 398.76800537109375 119.7171401977539
6.0 1.0 441.7154235839844 120.83670043945312
0.0 2.0 183.6596221923828 156.45884704589844
1.0 2.0 226.7418975830078 157.60569763183594
2.0 2.0 269.922119140625 159.00059509277344
3.0 2.0 312.4517517089844 160.09580993652344
4.0 2.0 355.27142333984375 161.02845764160156
5.0 2.0 397.5798034667969 162.01527404785156
6.0 2.0 440.222900390625 163.16159057617188
0.0 3.0 183.06565856933594 199.15457153320312
1.0 3.0 226.29330444335938 200.15016174316406
2.0 3.0 269.1379089355469 201.20266723632812
3.0 3.0 311.50506591796875 202.3693389892578
4.0 3.0 353.9378356933594 203.25428771972656
5.0 3.0 396.546630859375 204.34608459472656
6.0 3.0 439.16143798828125 205.22024536132812
0.0 4.0 182.66937255859375 241.60935974121094
1.0 4.0 225.35354614257812 242.8121795654297
2.0 4.0 267.8889465332031 243.43798828125
3.0 4.0 310.2621154785156 244.43173217773438
4.0 4.0 353.078857421875 245.4711456298828
5.0 4.0 395.3971252441406 246.5236053466797
6.0 4.0 437.51568603515625 247.1304473876953
0.0 0.0 190.0 77.0
1.0 0.0 228.47549438476562 71.68323516845703
2.0 0.0 271.37713623046875 73.16744995117188
3.0 0.0 314.5351257324219 74.53002166748047
4.0 0.0 357.2203369140625 75.59114074707031
5.0 0.0 400.2200012207031 77.19184112548828
6.0 0.0 442.9731750488281 78.26785278320312
0.0 1.0 184.5166015625 113.72933959960938
1.0 1.0 228.02066040039062 114.77640533447266
2.0 1.0 270.7435302734375 116.45413970947266
3.0 1.0 313.4449768066406 117.41321563720703
4.0 1.0 356.373291015625 118.6010971069336
5.0 1.0 398.7008972167969 119.71339416503906
6.0 1.0 441.5945739746094 120.781982421875
0.0 2.0 183.7275848388672 156.6217803955078
1.0 2.0 226.82704162597656 157.58389282226562
2.0 2.0 269.82330322265625 159.1444854736328
3.0 2.0 312.4085388183594 160.15902709960938
4.0 2.0 355.1110534667969 161.1811981201172
5.0 2.0 397.5174865722656 162.22274780273438
6.0 2.0 440.3027648925781 163.08871459960938
0.0 3.0 183.25794982910156 199.32740783691406
1.0 3.0 226.25856018066406 200.3000946044922
2.0 3.0 269.1024169921875 201.19532775878906
3.0 3.0 311.5223083496094 202.55824279785156
4.0 3.0 354.0048522949219 203.6864471435547
5.0 3.0 396.4841003417969 204.40220642089844
6.0 3.0 439.050537109375 205.3287353515625
0.0 4.0 182.86073303222656 241.58473205566406
1.0 4.0 225.35232543945312 242.67674255371094
2.0 4.0 262.0 236.0
3.0 4.0 318.0 239.0
4.0 4.0 353.0997619628906 245.47515869140625
5.0 4.0 395.29345703125 246.55003356933594
6.0 4.0 437.6719665527344 247.31961059570312
0.0 0.0 190.19895935058594 77.23958587646484
1.0 0.0 228.56973266601562 71.759033203125
2.0 0.0 271.5103759765625 73.16510772705078
3.0 0.0 314.54833984375 74.54341888427734
4.0 0.0 357.37982177734375 75.75843048095703
5.0 0.0 400.1929626464844 76.82929992675781
6.0 0.0 443.0121765136719 78.1141357421875
0.0 1.0 184.48080444335938 113.59025573730469
1.0 1.0 228.00106811523438 114.7845687866211
2.0 1.0 270.6901550292969 116.30670928955078
3.0 1.0 313.39892578125 117.55563354492188
4.0 1.0 356.11474609375 118.6080322265625
5.0 1.0 398.8711853027344 119.88441467285156
6.0 1.0 441.38470458984375 120.76742553710938
0.0 2.0 183.66238403320312 156.57838439941406
1.0 2.0 226.83969116210938 157.6253204345703
2.0 2.0 270.0196533203125 158.9086151123047
3.0 2.0 312.2677917480469 159.90687561035156
4.0 2.0 355.22833251953125 161.05625915527344
5.0 2.0 397.37176513671875 161.94456481933594
6.0 2.0 440.32244873046875 163.0530548095703
0.0 3.0 183.27178955078125 199.16632080078125
1.0 3.0 226.38748168945312 200.16445922851562
2.0 3.0 269.04351806640625 201.23297119140625
3.0 3.0 311.5670166015625 202.51055908203125
4.0 3.0 354.1633605957031 203.30458068847656
5.0 3.0 396.6334533691406 204.1914520263672
6.0 3.0 439.0335388183594 205.34275817871094
0.0 4.0 182.5343017578125 241.60508728027344
1.0 4.0 225.3879852294922 242.81529235839844
2.0 4.0 268.16009521484375 243.45724487304688
3.0 4.0 310.36309814453125 244.3483123779297
4.0 4.0 353.0445251464844 245.34190368652344
5.0 4.0 395.3179931640625 246.52236938476562
6.0 4.0 437.8299560546875 247.501220703125
0.0 0.0 184.9285430908203 70.24974822998047
1.0 0.0 228.49740600585938 71.79942321777344
2.0 0.0 271.511474609375 73.21147155761719
3.0 0.0 314.5292663574219 74.46280670166016
4.0 0.0 357.4523620605469 75.58089447021484
5.0 0.0 400.2016906738281 77.0149917602539
6.0 0.0 443.0044250488281 78.03242492675781
0.0 1.0 184.5382843017578 113.74645233154297
1.0 1.0 228.0594024658203 114.82177734375
2.0 1.0 270.81793212890625 116.36157989501953
3.0 1.0 313.45465087890625 117.51187133789062
4.0 1.0 356.3709411621094 118.68031311035156
5.0 1.0 398.8404541015625 119.4495849609375
6.0 1.0 441.5318603515625 120.76322937011719
0.0 2.0 183.6605224609375 156.50096130371094
1.0 2.0 226.83753967285156 157.7299346923828
2.0 2.0 269.8620300292969 158.9914093017578
3.0 2.0 312.4114074707031 159.8994903564453
4.0 2.0 355.1840515136719 161.0828094482422
5.0 2.0 397.6116027832031 161.9158477783203
6.0 2.0 440.2497863769531 163.193359375
0.0 3.0 183.24729919433594 199.0917510986328
1.0 3.0 226.25192260742188 200.12110900878906
2.0 3.0 269.0438232421875 201.27854919433594
3.0 3.0 311.4314880371094 202.52610778808594
4.0 3.0 354.0018005371094 203.29931640625
5.0 3.0 396.5220642089844 204.43576049804688
6.0 3.0 438.9333190917969 205.45596313476562
0.0 4.0 182.54530334472656 241.59744262695312
1.0 4.0 225.4177703857422 242.99122619628906
2.0 4.0 268.0749816894531 243.47019958496094
3.0 4.0 310.3387756347656 244.33189392089844
4.0 4.0 352.974609375 245.4346923828125
5.0 4.0 395.4800109863281 246.4996337890625
6.0 4.0 437.4066467285156 247.08575439453125
0.0 0.0 184.926025390625 70.23295593261719
1.0 0.0 228.38992309570312 71.72254943847656
2.0 0.0 271.6471862792969 73.12907409667969
3.0 0.0 314.5573425292969 74.42545318603516
4.0 0.0 357.2391662597656 75.59871673583984
5.0 0.0 400.0293884277344 76.8929214477539
6.0 0.0 442.9518737792969 77.96791076660156
0.0 1.0 184.53335571289062 113.79904174804688
1.0 1.0 228.1060028076172 114.76532745361328
2.0 1.0 270.7532653808594 116.3984603881836
3.0 1.0 313.494384765625 117.47064208984375
4.0 1.0 356.3409118652344 118.80386352539062
5.0 1.0 399.08367919921875 119.4305648803711
6.0 1.0 441.6730651855469 120.68839263916016
0.0 2.0 183.8011474609375 156.44068908691406
1.0 2.0 227.00770568847656 157.56378173828125
2.0 2.0 269.81292724609375 159.04672241210938
3.0 2.0 312.2801818847656 159.96798706054688
4.0 2.0 355.11529541015625 161.05270385742188
5.0 2.0 397.62628173828125 161.9434356689453
6.0 2.0 440.37701416015625 163.16651916503906
0.0 3.0 183.35443115234375 199.13668823242188
1.0 3.0 226.11178588867188 200.23275756835938
2.0 3.0 269.1208801269531 201.2008056640625
3.0 3.0 311.387451171875 202.4091796875
4.0 3.0 354.01092529296875 203.4607696533203
5.0 3.0 396.56390380859375 204.36151123046875
6.0 3.0 439.1355285644531 205.3343963623047
0.0 4.0 182.72373962402344 241.593505859375
1.0 4.0 225.3773956298828 242.7027130126953
2.0 4.0 262.98284912109375 235.1367645263672
3.0 4.0 318.0 239.0
4.0 4.0 352.99041748046875 245.5707244873047
5.0 4.0 395.3000183105469 246.45069885253906
6.0 4.0 437.4688720703125 247.30648803710938
